22702, 22, 0, 000016000000160100001602000016030000160400001605000016060000160700001608000016090000160A0000160B0000160C0000160D0000160E0000160F000016100000161100001612000016130000161400001615000016160000161700001618000016190000161A0000161B0000161C0000161D0000161E0000161F000016200000162100001622000016230000162400001625000016260000162700001628000016290000162A0000162B0000162C0000162D0000162E0000162F000016300000163100001632000016330000163400001635000016360000163700001638000016390000163A0000163B0000163C0000163D0000163E0000163F
37046, 36, 1, 000024000000240100002402000024030000240400002405000024060000240700002408000024090000240A0000240B0000240C0000240D0000240E0000240F000024100000241100002412000024130000241400002415000024160000241700002418000024190000241A0000241B0000241C0000241D0000241E0000241F000024200000242100002422000024230000242400002425000024260000242700002428000024290000242A0000242B0000242C0000242D0000242E0000242F000024300000243100002432000024330000243400002435000024360000243700002438000024390000243A0000243B0000243C0000243D0000243E0000243F
10561, 0, 2, 00000A4000000A4100000A4200000A4300000A4400000A4500000A4600000A4700000A4800000A4900000A4A00000A4B00000A4C00000A4D00000A4E00000A4F00000A5000000A5100000A5200000A5300000A5400000A5500000A5600000A5700000A5800000A5900000A5A00000A5B00000A5C00000A5D00000A5E00000A5F00000A6000000A6100000A6200000A6300000A6400000A6500000A6600000A6700000A6800000A6900000A6A00000A6B00000A6C00000A6D00000A6E00000A6F00000A7000000A7100000A7200000A7300000A7400000A7500000A7600000A7700000A7800000A7900000A7A00000A7B00000A7C00000A7D00000A7E00000A7F
45934, 44, 3, 00002CC000002CC100002CC200002CC300002CC400002CC500002CC600002CC700002CC800002CC900002CCA00002CCB00002CCC00002CCD00002CCE00002CCF00002CD000002CD100002CD200002CD300002CD400002CD500002CD600002CD700002CD800002CD900002CDA00002CDB00002CDC00002CDD00002CDE00002CDF00002CE000002CE100002CE200002CE300002CE400002CE500002CE600002CE700002CE800002CE900002CEA00002CEB00002CEC00002CED00002CEE00002CEF00002CF000002CF100002CF200002CF300002CF400002CF500002CF600002CF700002CF800002CF900002CFA00002CFB00002CFC00002CFD00002CFE00002CFF
33438, 32, 4, 000020800000208100002082000020830000208400002085000020860000208700002088000020890000208A0000208B0000208C0000208D0000208E0000208F000020900000209100002092000020930000209400002095000020960000209700002098000020990000209A0000209B0000209C0000209D0000209E0000209F000020A0000020A1000020A2000020A3000020A4000020A5000020A6000020A7000020A8000020A9000020AA000020AB000020AC000020AD000020AE000020AF000020B0000020B1000020B2000020B3000020B4000020B5000020B6000020B7000020B8000020B9000020BA000020BB000020BC000020BD000020BE000020BF
20096, 0, 5, 000013800000138100001382000013830000138400001385000013860000138700001388000013890000138A0000138B0000138C0000138D0000138E0000138F000013900000139100001392000013930000139400001395000013960000139700001398000013990000139A0000139B0000139C0000139D0000139E0000139F000013A0000013A1000013A2000013A3000013A4000013A5000013A6000013A7000013A8000013A9000013AA000013AB000013AC000013AD000013AE000013AF000013B0000013B1000013B2000013B3000013B4000013B5000013B6000013B7000013B8000013B9000013BA000013BB000013BC000013BD000013BE000013BF
53217, 0, 6, 000033C0000033C1000033C2000033C3000033C4000033C5000033C6000033C7000033C8000033C9000033CA000033CB000033CC000033CD000033CE000033CF000033D0000033D1000033D2000033D3000033D4000033D5000033D6000033D7000033D8000033D9000033DA000033DB000033DC000033DD000033DE000033DF000033E0000033E1000033E2000033E3000033E4000033E5000033E6000033E7000033E8000033E9000033EA000033EB000033EC000033ED000033EE000033EF000033F0000033F1000033F2000033F3000033F4000033F5000033F6000033F7000033F8000033F9000033FA000033FB000033FC000033FD000033FE000033FF
54173, 0, 7, 000034C0000034C1000034C2000034C3000034C4000034C5000034C6000034C7000034C8000034C9000034CA000034CB000034CC000034CD000034CE000034CF000034D0000034D1000034D2000034D3000034D4000034D5000034D6000034D7000034D8000034D9000034DA000034DB000034DC000034DD000034DE000034DF000034E0000034E1000034E2000034E3000034E4000034E5000034E6000034E7000034E8000034E9000034EA000034EB000034EC000034ED000034EE000034EF000034F0000034F1000034F2000034F3000034F4000034F5000034F6000034F7000034F8000034F9000034FA000034FB000034FC000034FD000034FE000034FF
15294, 14, 8, 00000EC000000EC100000EC200000EC300000EC400000EC500000EC600000EC700000EC800000EC900000ECA00000ECB00000ECC00000ECD00000ECE00000ECF00000ED000000ED100000ED200000ED300000ED400000ED500000ED600000ED700000ED800000ED900000EDA00000EDB00000EDC00000EDD00000EDE00000EDF00000EE000000EE100000EE200000EE300000EE400000EE500000EE600000EE700000EE800000EE900000EEA00000EEB00000EEC00000EED00000EEE00000EEF00000EF000000EF100000EF200000EF300000EF400000EF500000EF600000EF700000EF800000EF900000EFA00000EFB00000EFC00000EFD00000EFE00000EFF
6429, 0, 9, 000006400000064100000642000006430000064400000645000006460000064700000648000006490000064A0000064B0000064C0000064D0000064E0000064F000006500000065100000652000006530000065400000655000006560000065700000658000006590000065A0000065B0000065C0000065D0000065E0000065F000006600000066100000662000006630000066400000665000006660000066700000668000006690000066A0000066B0000066C0000066D0000066E0000066F000006700000067100000672000006730000067400000675000006760000067700000678000006790000067A0000067B0000067C0000067D0000067E0000067F
19433, 0, 10, 000012C0000012C1000012C2000012C3000012C4000012C5000012C6000012C7000012C8000012C9000012CA000012CB000012CC000012CD000012CE000012CF000012D0000012D1000012D2000012D3000012D4000012D5000012D6000012D7000012D8000012D9000012DA000012DB000012DC000012DD000012DE000012DF000012E0000012E1000012E2000012E3000012E4000012E5000012E6000012E7000012E8000012E9000012EA000012EB000012EC000012ED000012EE000012EF000012F0000012F1000012F2000012F3000012F4000012F5000012F6000012F7000012F8000012F9000012FA000012FB000012FC000012FD000012FE000012FF
39617, 0, 11, 000026800000268100002682000026830000268400002685000026860000268700002688000026890000268A0000268B0000268C0000268D0000268E0000268F000026900000269100002692000026930000269400002695000026960000269700002698000026990000269A0000269B0000269C0000269D0000269E0000269F000026A0000026A1000026A2000026A3000026A4000026A5000026A6000026A7000026A8000026A9000026AA000026AB000026AC000026AD000026AE000026AF000026B0000026B1000026B2000026B3000026B4000026B5000026B6000026B7000026B8000026B9000026BA000026BB000026BC000026BD000026BE000026BF
22553, 0, 12, 000016000000160100001602000016030000160400001605000016060000160700001608000016090000160A0000160B0000160C0000160D0000160E0000160F000016100000161100001612000016130000161400001615000016160000161700001618000016190000161A0000161B0000161C0000161D0000161E0000161F000016200000162100001622000016230000162400001625000016260000162700001628000016290000162A0000162B0000162C0000162D0000162E0000162F000016300000163100001632000016330000163400001635000016360000163700001638000016390000163A0000163B0000163C0000163D0000163E0000163F
17339, -18, 13, 000010C0000010C1000010C2000010C3000010C4000010C5000010C6000010C7000010C8000010C9000010CA000010CB000010CC000010CD000010CE000010CF000010D0000010D1000010D2000010D3000010D4000010D5000010D6000010D7000010D8000010D9000010DA000010DB000010DC000010DD000010DE000010DF000010E0000010E1000010E2000010E3000010E4000010E5000010E6000010E7000010E8000010E9000010EA000010EB000010EC000010ED000010EE000010EF000010F0000010F1000010F2000010F3000010F4000010F5000010F6000010F7000010F8000010F9000010FA000010FB000010FC000010FD000010FE000010FF
33789, 0, 14, 000020C0000020C1000020C2000020C3000020C4000020C5000020C6000020C7000020C8000020C9000020CA000020CB000020CC000020CD000020CE000020CF000020D0000020D1000020D2000020D3000020D4000020D5000020D6000020D7000020D8000020D9000020DA000020DB000020DC000020DD000020DE000020DF000020E0000020E1000020E2000020E3000020E4000020E5000020E6000020E7000020E8000020E9000020EA000020EB000020EC000020ED000020EE000020EF000020F0000020F1000020F2000020F3000020F4000020F5000020F6000020F7000020F8000020F9000020FA000020FB000020FC000020FD000020FE000020FF
36258, 35, 15, 000023400000234100002342000023430000234400002345000023460000234700002348000023490000234A0000234B0000234C0000234D0000234E0000234F000023500000235100002352000023530000235400002355000023560000235700002358000023590000235A0000235B0000235C0000235D0000235E0000235F000023600000236100002362000023630000236400002365000023660000236700002368000023690000236A0000236B0000236C0000236D0000236E0000236F000023700000237100002372000023730000237400002375000023760000237700002378000023790000237A0000237B0000237C0000237D0000237E0000237F
24690, 24, 16, 000018000000180100001802000018030000180400001805000018060000180700001808000018090000180A0000180B0000180C0000180D0000180E0000180F000018100000181100001812000018130000181400001815000018160000181700001818000018190000181A0000181B0000181C0000181D0000181E0000181F000018200000182100001822000018230000182400001825000018260000182700001828000018290000182A0000182B0000182C0000182D0000182E0000182F000018300000183100001832000018330000183400001835000018360000183700001838000018390000183A0000183B0000183C0000183D0000183E0000183F
10311, 17, 17, 00000A0000000A0100000A0200000A0300000A0400000A0500000A0600000A0700000A0800000A0900000A0A00000A0B00000A0C00000A0D00000A0E00000A0F00000A1000000A1100000A1200000A1300000A1400000A1500000A1600000A1700000A1800000A1900000A1A00000A1B00000A1C00000A1D00000A1E00000A1F00000A2000000A2100000A2200000A2300000A2400000A2500000A2600000A2700000A2800000A2900000A2A00000A2B00000A2C00000A2D00000A2E00000A2F00000A3000000A3100000A3200000A3300000A3400000A3500000A3600000A3700000A3800000A3900000A3A00000A3B00000A3C00000A3D00000A3E00000A3F
25099, -126, 18, 000018800000188100001882000018830000188400001885000018860000188700001888000018890000188A0000188B0000188C0000188D0000188E0000188F000018900000189100001892000018930000189400001895000018960000189700001898000018990000189A0000189B0000189C0000189D0000189E0000189F000018A0000018A1000018A2000018A3000018A4000018A5000018A6000018A7000018A8000018A9000018AA000018AB000018AC000018AD000018AE000018AF000018B0000018B1000018B2000018B3000018B4000018B5000018B6000018B7000018B8000018B9000018BA000018BB000018BC000018BD000018BE000018BF
50533, 0, 19, 000031400000314100003142000031430000314400003145000031460000314700003148000031490000314A0000314B0000314C0000314D0000314E0000314F000031500000315100003152000031530000315400003155000031560000315700003158000031590000315A0000315B0000315C0000315D0000315E0000315F000031600000316100003162000031630000316400003165000031660000316700003168000031690000316A0000316B0000316C0000316D0000316E0000316F000031700000317100003172000031730000317400003175000031760000317700003178000031790000317A0000317B0000317C0000317D0000317E0000317F
48500, 0, 20, 00002F4000002F4100002F4200002F4300002F4400002F4500002F4600002F4700002F4800002F4900002F4A00002F4B00002F4C00002F4D00002F4E00002F4F00002F5000002F5100002F5200002F5300002F5400002F5500002F5600002F5700002F5800002F5900002F5A00002F5B00002F5C00002F5D00002F5E00002F5F00002F6000002F6100002F6200002F6300002F6400002F6500002F6600002F6700002F6800002F6900002F6A00002F6B00002F6C00002F6D00002F6E00002F6F00002F7000002F7100002F7200002F7300002F7400002F7500002F7600002F7700002F7800002F7900002F7A00002F7B00002F7C00002F7D00002F7E00002F7F
37900, 0, 21, 000025000000250100002502000025030000250400002505000025060000250700002508000025090000250A0000250B0000250C0000250D0000250E0000250F000025100000251100002512000025130000251400002515000025160000251700002518000025190000251A0000251B0000251C0000251D0000251E0000251F000025200000252100002522000025230000252400002525000025260000252700002528000025290000252A0000252B0000252C0000252D0000252E0000252F000025300000253100002532000025330000253400002535000025360000253700002538000025390000253A0000253B0000253C0000253D0000253E0000253F
50593, 0, 22, 000031400000314100003142000031430000314400003145000031460000314700003148000031490000314A0000314B0000314C0000314D0000314E0000314F000031500000315100003152000031530000315400003155000031560000315700003158000031590000315A0000315B0000315C0000315D0000315E0000315F000031600000316100003162000031630000316400003165000031660000316700003168000031690000316A0000316B0000316C0000316D0000316E0000316F000031700000317100003172000031730000317400003175000031760000317700003178000031790000317A0000317B0000317C0000317D0000317E0000317F
31550, 30, 23, 00001EC000001EC100001EC200001EC300001EC400001EC500001EC600001EC700001EC800001EC900001ECA00001ECB00001ECC00001ECD00001ECE00001ECF00001ED000001ED100001ED200001ED300001ED400001ED500001ED600001ED700001ED800001ED900001EDA00001EDB00001EDC00001EDD00001EDE00001EDF00001EE000001EE100001EE200001EE300001EE400001EE500001EE600001EE700001EE800001EE900001EEA00001EEB00001EEC00001EED00001EEE00001EEF00001EF000001EF100001EF200001EF300001EF400001EF500001EF600001EF700001EF800001EF900001EFA00001EFB00001EFC00001EFD00001EFE00001EFF
58157, 0, 24, 000038C0000038C1000038C2000038C3000038C4000038C5000038C6000038C7000038C8000038C9000038CA000038CB000038CC000038CD000038CE000038CF000038D0000038D1000038D2000038D3000038D4000038D5000038D6000038D7000038D8000038D9000038DA000038DB000038DC000038DD000038DE000038DF000038E0000038E1000038E2000038E3000038E4000038E5000038E6000038E7000038E8000038E9000038EA000038EB000038EC000038ED000038EE000038EF000038F0000038F1000038F2000038F3000038F4000038F5000038F6000038F7000038F8000038F9000038FA000038FB000038FC000038FD000038FE000038FF
43068, 0, 25, 00002A0000002A0100002A0200002A0300002A0400002A0500002A0600002A0700002A0800002A0900002A0A00002A0B00002A0C00002A0D00002A0E00002A0F00002A1000002A1100002A1200002A1300002A1400002A1500002A1600002A1700002A1800002A1900002A1A00002A1B00002A1C00002A1D00002A1E00002A1F00002A2000002A2100002A2200002A2300002A2400002A2500002A2600002A2700002A2800002A2900002A2A00002A2B00002A2C00002A2D00002A2E00002A2F00002A3000002A3100002A3200002A3300002A3400002A3500002A3600002A3700002A3800002A3900002A3A00002A3B00002A3C00002A3D00002A3E00002A3F
2332, 0, 26, 000002400000024100000242000002430000024400000245000002460000024700000248000002490000024A0000024B0000024C0000024D0000024E0000024F000002500000025100000252000002530000025400000255000002560000025700000258000002590000025A0000025B0000025C0000025D0000025E0000025F000002600000026100000262000002630000026400000265000002660000026700000268000002690000026A0000026B0000026C0000026D0000026E0000026F000002700000027100000272000002730000027400000275000002760000027700000278000002790000027A0000027B0000027C0000027D0000027E0000027F
40255, 79, 27, 000027400000274100002742000027430000274400002745000027460000274700002748000027490000274A0000274B0000274C0000274D0000274E0000274F000027500000275100002752000027530000275400002755000027560000275700002758000027590000275A0000275B0000275C0000275D0000275E0000275F000027600000276100002762000027630000276400002765000027660000276700002768000027690000276A0000276B0000276C0000276D0000276E0000276F000027700000277100002772000027730000277400002775000027760000277700002778000027790000277A0000277B0000277C0000277D0000277E0000277F
