6319
13958
16150
5923
8837
961
58309
38313
19594
36309
17815
29750
45580
32739
59815
17472
21752
31191
23526
56312
12245
46067
31007
25018
9274
26493
57896
42389
42355
53232
4482
54448
30529
28777
43867
30098
12337
23124
12081
43309
54055
12485
17046
49901
7064
47266
60332
64650
41439
43713
56935
37795
407
15979
63929
58435
12428
40477
34346
37799
46551
59099
51343
23773
53417
8004
4097
54392
20857
62236
25207
12305
42354
13760
26900
19288
18034
35676
8449
1640
18487
9925
5976
28419
35078
44422
10721
46791
59584
4170
37977
58607
4263
59311
7567
46201
15210
55244
61824
38900
36631
40444
39446
33544
57097
59814
51004
21156
3510
14437
2813
8249
32971
51788
63645
63815
57529
6470
59025
47225
42676
35081
34156
53238
15484
15517
7232
10846
46958
61276
44701
63487
1893
10841
38792
63501
60650
63160
8859
54737
26169
36425
36954
51898
18504
23939
30348
2727
55688
28906
17171
39420
13424
48049
25112
20049
51182
64731
58070
44549
6005
27079
37429
26274
44951
51691
2283
40455
40824
7234
35688
18076
58358
63279
64288
37671
15922
34338
14451
30090
33813
46032
9030
59617
18771
44905
53322
36235
29066
13648
27104
53884
36079
18967
36241
45288
63060
39850
53845
8376
56906
53215
35746
61966
31814
40325
11088
46491
28773
26091
22870
23092
23630
56038
39799
40325
53073
17478
62034
40665
2896
24212
24664
36457
19367
54421
39709
7307
54687
64664
39066
19820
24522
64186
61904
26815
57586
5466
63409
5692
1030
20198
46271
52210
41102
4826
35800
52186
61147
54218
49686
5914
19663
31111
14866
53217
22171
28156
21233
60264
22042
22659
50216
12116
49663
20973
20495
51867
26059
45500
62833
51963
60063
12894
14948
41755
3757
2468
37315
51915
62413
24610
2012
10767
1956
23841
13354
46837
10377
17248
17317
53874
56936
19648
2652
14198
16003
26521
21903
20554
52842
17811
18122
25431
30830
17152
29455
4469
64687
63545
32233
10715
8628
11096
59598
10777
10818
20573
22530
19603
31830
28620
46284
21140
34537
40391
49280
45771
59691
12033
30532
62056
16744
45678
8428
33261
24884
33384
22592
11862
24508
42541
10103
11000
53248
39714
52793
33102
2904
57666
18545
32476
22325
24850
10987
32835
48408
32087
1182
36731
1043
59764
54658
35401
21539
26263
25250
43916
1070
36887
21846
59156
932
51282
17414
16721
62923
55555
12281
57706
26712
238
26800
59207
19354
28342
29114
59067
18856
8711
5532
31055
31368
32105
40933
56551
38846
5262
63420
17300
58290
22449
43486
14963
26087
44122
46549
8321
64706
2152
54079
372
12975
8957
15959
48272
3778
54439
10233
51052
49255
57893
9683
13956
24643
24090
23092
31484
42448
64865
12204
51417
41249
51052
8151
35114
34344
4234
25735
12443
44472
19556
10206
63579
55846
3474
38805
5015
9372
7551
62049
61875
41739
62302
28739
21721
2476
6539
2914
16532
46018
21977
45610
58658
57393
26352
7842
44307
2738
10202
53502
16215
21503
12047
44699
65398
34883
11333
9334
28087
37269
64469
37666
52921
49728
63174
21074
12436
58500
49051
32260
57414
33512
47712
17874
37377
28399
59199
2548
14346
42319
59747
27908
5075
21765
28564
46575
62025
33434
9018
32153
64592
18963
19057
22745
5974
42008
13408
54817
9336
45991
43538
17354
37476
28878
32958
9063
31598
40230
59283
63899
60842
33916
6494
23994
57081
57566
16226
1040
61309
63549
35640
37410
15604
900
26424
14313
12643
35849
4712
48257
60693
25260
57463
14181
26371
37000
30777
34172
30946
24748
42943
62084
30578
47579
61190
48745
31053
60547
46465
40819
19142
27198
1215
19051
20968
55641
6787
13988
4658
39298
49647
17570
56486
23603
49671
16645
4613
45745
59763
46319
37126
52915
7700
23796
17822
14232
27127
16830
7421
16896
16846
33915
62400
64833
43343
59374
39061
51051
15659
63049
38323
59957
15961
38812
36602
6792
16484
14668
23876
16002
58530
34602
30342
62229
29244
16793
2217
44582
27582
56052
5834
42959
33808
34093
19089
10143
21700
21864
64605
57901
65433
32365
43329
31945
37134
63083
4523
24685
46371
19344
39367
1233
20822
10070
22209
29161
44482
55736
22611
64330
55617
36893
3321
53171
22226
53471
25944
43536
33203
24519
49328
62349
43317
46421
40788
48497
30733
31275
53430
23470
58463
51130
56213
8372
14391
21863
33204
36309
50314
44395
5824
29133
1488
58416
3539
12765
34934
2856
27566
39321
29030
36733
22504
20276
58006
40366
12187
51250
45173
6704
3563
57548
26493
9934
65106
47833
46359
46732
8253
3765
58827
55050
27205
65423
18405
47812
57811
53644
11063
33549
9198
3199
49654
47027
9605
12491
37244
24502
1991
20459
28384
60079
45325
42213
53017
49242
32096
21998
39995
21724
42987
41249
8944
6942
21757
10713
29573
42485
55073
21599
11187
11339
3656
42192
14560
33878
41600
