11556
3656
5756
7556
5956
5056
10456
5756
4556
6156
11856
8356
3956
4356
3256
12156
6356
10956
3556
2356
3756
7756
9356
11556
2156
4956
2356
4756
7056
6356
8156
12656
7056
1456
7856
6156
2456
7956
7656
2956
3556
7556
7956
12456
9756
10156
11756
10856
3956
3356
6756
8656
7656
3256
10356
7256
1656
2856
8656
3556
9956
10656
11156
7256
1056
3956
6356
5456
6056
6056
10656
8756
9356
1656
11856
9756
12556
9256
1556
10456
2356
10056
10456
5656
556
2256
9256
5056
4656
8456
3256
4756
6056
7756
9556
3056
9356
5756
11156
2256
5356
1356
10456
2456
8856
4756
6056
556
5656
356
7656
1756
8256
756
2056
8456
9956
556
9156
3856
7956
5956
12256
8056
12256
6356
3156
7656
2856
8356
1656
10056
10456
2756
12656
9456
7956
9856
2756
10956
10956
12456
10656
11556
5956
3456
9356
5656
1456
3156
9456
5556
9656
4856
9356
2056
4856
12356
756
7256
4756
8956
10456
11556
4756
6756
3656
11056
956
356
12756
756
10056
756
8056
11756
7756
11656
7256
656
1556
6056
7856
7056
11156
9156
6556
9956
3556
7756
4056
6456
7456
10456
4956
656
9956
2156
3556
3056
4556
10356
6256
656
4756
2556
7856
1556
2556
3156
3156
5256
7956
1056
11156
8756
5556
3756
7356
7856
7156
9556
1556
3856
11656
11656
1256
3956
5656
9656
4956
2856
7456
6056
4556
4156
9056
2656
4456
3456
10956
3456
8556
5556
4956
6656
2556
7856
7256
2056
1756
3456
3456
9956
3756
456
356
10856
10956
1656
6456
9756
4756
656
12456
9056
5656
11956
7256
12656
5956
10256
4356
10856
12456
3156
9756
656
9056
10756
12056
2356
6856
10256
6156
3056
9556
2356
4456
6956
4256
5956
11656
12156
3756
10556
2256
11956
1256
2156
3256
5656
9956
2756
9756
7356
8356
4956
6656
11556
9156
2056
5456
6356
2256
8656
5456
1256
4556
5456
5856
9956
5956
2756
3256
2956
12356
9956
1556
10956
356
356
1156
4456
9056
4256
12056
8656
11556
10456
1356
2556
2556
4256
2556
456
6756
5956
2656
2356
956
11656
7856
456
7356
7256
8956
6456
5756
11656
6756
6856
7956
3156
4556
10856
10456
10456
4856
5856
1456
1256
3256
11456
9556
956
12156
3656
9556
11356
8956
2456
4756
3356
5456
5956
3456
4756
956
7756
8956
11456
4056
3056
9856
7956
8556
9756
5856
9156
1056
6656
3556
4656
2756
10656
7356
12156
1556
12456
4156
2756
8756
7056
10856
7856
12556
4356
9656
5956
1656
7256
3556
1356
1856
2056
2856
9556
2356
3056
1456
6656
10656
8556
12356
6156
356
1556
5956
656
5756
5956
4156
3656
4256
656
4056
8456
4456
9156
656
2556
1756
10756
7156
10356
12156
10456
10856
8556
3956
12456
8356
11456
2456
11456
10656
7656
8656
5656
11556
4556
4156
5756
6156
12056
11056
4556
256
12256
8656
7356
4856
2756
1556
3356
3956
1156
6356
9456
1556
4256
3956
8956
1456
11756
1256
6956
1056
11956
8456
256
9256
3456
2056
1856
5956
1956
2256
4656
2456
3956
7656
1956
12756
9156
3056
6056
2156
11056
12556
10456
11156
7656
8956
12356
12556
6256
10456
9956
1756
5656
4756
9656
11056
2156
7156
5756
6856
9256
4856
3256
10756
5156
8856
4756
11656
2956
10256
5756
256
1156
3856
5856
6056
5456
11856
9056
1556
7556
5456
7956
856
10656
9856
4456
8656
3756
7656
2256
2956
3256
2656
5456
10956
3756
7456
2956
5856
12156
5656
9856
4356
5056
1956
4656
8156
1656
11056
6356
4156
11756
12656
1956
4956
8656
3656
4256
3256
6056
11056
3156
7956
3856
7056
11456
9556
1556
2156
8156
6656
4056
656
6756
11156
10856
9956
5356
5856
10356
7356
6656
4656
5756
10556
4856
2256
9156
5456
9256
3256
256
6056
5756
1756
12656
2656
11656
8856
9156
5356
8256
10356
2656
12056
456
4156
10356
456
3356
2356
12456
6856
5856
4256
12456
10356
12756
3056
7156
1756
7956
12056
8756
6656
2356
6456
9756
7056
11356
9356
7156
1456
9056
7256
3556
7056
2756
9756
1956
12556
4856
1356
1856
1456
7356
10656
3056
9356
5256
6756
556
3856
8256
6656
656
8456
8256
2256
5556
11656
3656
7556
10156
2156
6356
2056
6456
3956
5056
12756
3856
8756
11156
3756
9456
10656
6256
11056
12256
656
6256
4756
8756
4656
3756
2856
10056
10856
11756
8456
12056
4656
1956
4056
12356
2756
3056
8656
9756
2556
11656
5656
7656
1956
7656
2356
11856
11256
11356
7856
9356
1456
8356
8156
4456
5956
10856
11956
7056
1856
356
5856
6856
10356
4256
6756
2756
